('D = ', [-0.06790131776735271, -0.00015257402410604091, -0.024576914500412286, -0.0015510149784534806, 0.0])
('K = ', [843.9302503300902, 0.0, 950.4212461101091, 0.0, 861.6697780926659, 577.9057645210939, 0.0, 0.0, 1.0])
('R = ', [1.0, 0.0, 0.0, 0.0, 1.0, 0.0, 0.0, 0.0, 1.0])
('P = ', [759.076171875, 0.0, 938.8717058287002, 0.0, 0.0, 839.2098388671875, 552.3241191667039, 0.0, 0.0, 0.0, 1.0, 0.0])
None
# oST version 5.0 parameters


[image]

width
1920

height
1080

[narrow_stereo]

camera matrix
843.930250 0.000000 950.421246
0.000000 861.669778 577.905765
0.000000 0.000000 1.000000

distortion
-0.067901 -0.000153 -0.024577 -0.001551 0.000000

rectification
1.000000 0.000000 0.000000
0.000000 1.000000 0.000000
0.000000 0.000000 1.000000

projection
759.076172 0.000000 938.871706 0.000000
0.000000 839.209839 552.324119 0.000000
0.000000 0.000000 1.000000 0.000000

